100
31545 3570 714 5545 24456 13920 8361 12495 270 1327 30052 23914 12312 14782 29162 31615 29738 1752 25068 15301 16300 18324 23863 7084 3040 31609 25409 25247 28951 19942 21761 1158 3877 11441 16644 3472 23058 12815 13758 31535 7954 26036 3614 9828 21943 6459 27749 9020 4454 25543 22327 14747 9992 235 11506 23352 23297 5831 24896 15081 11110 10100 14568 26913 2666 12707 30698 6582 7450 17536 13770 30440 21067 2781 19500 9632 26064 4492 5025 24309 9200 19724 25281 17140 279 8809 890 18593 22987 30557 4775 28473 28386 3515 32228 5306 29170 11789 5025 5541 
100
13834 25980 22902 6659 22687 23281 7350 13222 30409 32634 28999 12721 17072 7663 4785 19803 3392 3541 23412 5103 6181 3458 18079 12823 17395 1922 12190 1115 28324 18234 17492 4325 5704 24779 23914 20103 5112 20538 12518 23807 780 5069 4863 4729 10382 17848 14639 597 28398 30968 13195 24875 18934 23936 4176 27148 5889 28563 23998 10507 19816 13937 32297 20220 4926 22069 589 29308 2621 30974 32226 25138 26879 21325 2672 27732 13426 18350 27749 16236 11654 28059 3685 18524 18216 32669 18145 12703 14452 29876 7147 26579 32550 18681 31048 18292 26194 14722 3271 22507 
100
25942 30598 15570 14279 27404 5825 27971 7754 26948 15130 1657 5671 13425 18820 29354 21898 2978 8226 1402 22361 23732 6574 461 6585 6342 24603 12762 9685 11502 21113 17794 17627 29482 538 27359 1606 12186 2803 21791 31587 28140 19268 9619 19470 21271 15996 27395 2237 14156 32599 11077 24001 7209 13641 11021 3016 21297 28959 26631 18853 26745 15588 31011 29524 9635 25345 18737 10808 16656 12457 24493 19112 3410 14196 11228 23210 15584 21066 1560 22014 3598 29059 23399 31583 29500 29260 14163 32517 2893 1357 8182 18030 32347 26761 30805 4446 4776 30853 23791 13349 
100
3544 23724 11925 18208 13918 21234 16251 28546 2357 24248 22160 9556 30672 24303 32011 6843 16979 20353 19014 10362 16899 14828 8656 25527 14331 6448 6078 16642 29730 13548 28481 26771 26713 14276 26494 8147 31737 1285 19097 27679 13180 4492 29459 21192 122 17380 15191 23134 19928 8110 2959 12590 7228 16454 31164 7433 17091 26275 12294 6215 10231 7807 3408 16396 1787 16056 13328 30666 5385 18679 31582 26119 6943 27791 30283 11873 22516 12456 1395 3279 15921 2460 9942 13865 25310 23969 30691 8683 12314 15529 7638 8502 12304 20358 2116 26391 1062 16978 16884 26124 
100
23671 11790 17393 9924 900 17801 32477 31783 21030 18819 3720 14486 8136 2067 19394 18548 722 27462 12397 21989 30056 23305 16854 22997 12885 30281 30021 15933 24130 26456 17106 30113 20780 22419 23163 11230 5141 17986 12148 29730 26361 18111 19902 6204 25347 27099 11771 27926 3329 22141 31617 20607 27670 21900 173 13358 30894 21775 11641 23044 30647 9875 27729 9618 5647 31949 14627 9947 22584 27777 11958 16987 12883 29859 32316 6728 23628 20923 1322 7447 13906 8334 30023 23874 20874 5114 17155 5705 28932 16930 19979 759 5870 19659 30746 26854 29191 26886 7698 32069 
100
16215 2576 10059 1753 29726 13174 7979 24898 17418 13948 3319 17792 22444 24256 32232 31669 18221 21019 30082 23084 11581 10184 14369 13723 26189 31432 9173 9893 20478 31620 2927 18595 7385 17589 18396 21924 4160 30593 29618 17330 13988 25318 1289 18264 28153 14940 14732 24417 21095 8118 2256 19937 25411 1098 4324 8826 29757 9553 12585 14808 16091 10129 18275 22142 10278 5689 17169 14021 3747 18700 762 19489 13444 30145 12553 30631 6688 28842 4186 28620 23713 24725 29077 13168 27900 27120 16763 11803 13095 5424 26046 29062 29062 29811 23574 10333 31910 19555 20369 9795 
100
6957 17502 6187 14615 8721 25045 22686 8053 8457 21234 11899 18560 13121 19582 10362 16607 18514 32513 30478 28934 31089 26411 2877 4279 16102 32114 6063 29640 6593 2301 10245 5158 1480 6593 17004 32026 18355 28138 18289 31691 27548 18044 1047 14597 1969 28474 10790 8248 5932 32199 8903 14276 389 3083 28494 20083 8677 29144 3159 8775 25311 16845 2836 25719 16987 3451 21733 16052 20946 13511 19753 15792 1729 17551 17749 17633 28503 10385 30531 28547 8049 13448 31180 732 27081 18583 25496 21955 14698 5355 4149 20835 8040 16541 15207 28477 26829 30677 26303 22636 
100
20694 9525 15727 2605 9056 23157 27229 9118 25501 11338 5238 16582 19211 1421 30021 1750 13479 13721 15812 17838 18526 15861 15730 21155 31428 9011 32677 128 13576 17687 21282 22730 14632 508 28651 31305 5729 10612 12120 16579 16874 559 2665 6667 10209 26398 21083 11323 18566 16343 22393 12605 13735 22588 29237 11152 1115 23383 8823 22600 1779 30089 14645 599 25390 25060 16452 6924 22700 26325 5230 15321 19365 1542 26052 30041 26587 25474 4661 3985 28621 10267 3680 8055 3118 25353 20647 5552 12181 11987 29317 10910 25206 7539 31777 19354 2897 12213 3619 28030 
100
1833 23520 24006 26727 9784 26520 14126 16569 24801 6403 31229 355 22758 811 17441 2916 31451 29091 16111 32398 21467 14190 17014 8073 28537 25884 17165 24348 20985 10806 15663 26280 25281 26076 5001 19957 23306 10925 4944 24113 3291 14823 4824 1590 5688 14799 24163 25612 21655 11092 26423 1967 11411 25327 26867 21266 31204 2253 31010 7011 15247 25648 13585 28561 20570 30227 478 10252 22403 9997 4818 9164 2481 3191 10736 22164 7723 2257 18126 3192 4168 19298 14244 1693 22823 29471 16547 21824 29087 22734 19848 4857 12409 17515 24944 25921 22749 4555 14574 26163 
100
27915 2175 21083 23439 6476 27387 20589 24324 19239 248 27403 23471 18647 8470 25184 1247 23805 32198 10287 10779 27283 14695 13158 3174 32033 1455 12789 6337 10547 21069 3296 11250 20746 20172 29331 17284 8594 17339 23415 16399 23444 1803 15554 7353 15661 4024 23955 16381 8063 27820 574 18859 7334 8928 25060 560 20973 14020 6728 20248 4674 25825 5597 20689 7400 19900 6180 3506 11372 6398 25652 20027 29146 21459 12698 3743 20528 3728 25444 10623 27667 32152 13689 8185 25537 8576 21548 8929 17223 14961 4624 16718 2292 2766 12301 24665 19981 11543 27571 24609 
